<?xml version="1.0" ?>
<profiler>
<!-- Data generated by sim\fake_valuation_generator.py using: factor: 0 -->
	<data>
		<data-entry name="hits_rate">
           
[[[173.20508075688772, 244.94897427831782, 300.0, 346.41016151377545, 387.2983346207417, 424.26406871192853, 458.257569495584, 489.89794855663564, 519.6152422706632, 547.7225575051662],
 [200.0, 282.842712474619, 346.41016151377545, 400.0, 447.21359549995793, 489.89794855663564, 529.1502622129182, 565.685424949238, 600.0, 632.4555320336759],
 [223.60679774997897, 316.22776601683796, 387.2983346207417, 447.21359549995793, 500.0, 547.7225575051662, 591.6079783099616, 632.4555320336759, 670.820393249937, 707.1067811865476],
 [244.94897427831782, 346.41016151377545, 424.26406871192853, 489.89794855663564, 547.7225575051662, 600.0, 648.074069840786, 692.8203230275509, 734.8469228349534, 774.5966692414834],
 [264.5751311064591, 374.16573867739413, 458.257569495584, 529.1502622129182, 591.6079783099616, 648.074069840786, 700.0, 748.3314773547883, 793.7253933193772, 836.6600265340755],
 [282.842712474619, 400.0, 489.89794855663564, 565.685424949238, 632.4555320336759, 692.8203230275509, 748.3314773547883, 800.0, 848.5281374238571, 894.4271909999159],
 [300.0, 424.26406871192853, 519.6152422706632, 600.0, 670.820393249937, 734.8469228349534, 793.7253933193772, 848.5281374238571, 900.0, 948.6832980505138],
 [316.22776601683796, 447.21359549995793, 547.7225575051662, 632.4555320336759, 707.1067811865476, 774.5966692414834, 836.6600265340755, 894.4271909999159, 948.6832980505138, 1000.0],
 [331.66247903554, 469.041575982343, 574.4562646538029, 663.32495807108, 741.6198487095663, 812.403840463596, 877.4964387392122, 938.083151964686, 994.98743710662, 1048.8088481701516]],
 
[[244.94897427831782, 346.41016151377545, 424.26406871192853, 489.89794855663564, 547.7225575051662, 600.0, 648.074069840786, 692.8203230275509, 734.8469228349534, 774.5966692414834],
 [282.842712474619, 400.0, 489.89794855663564, 565.685424949238, 632.4555320336759, 692.8203230275509, 748.3314773547883, 800.0, 848.5281374238571, 894.4271909999159],
 [316.22776601683796, 447.21359549995793, 547.7225575051662, 632.4555320336759, 707.1067811865476, 774.5966692414834, 836.6600265340755, 894.4271909999159, 948.6832980505138, 1000.0],
 [346.41016151377545, 489.89794855663564, 600.0, 692.8203230275509, 774.5966692414834, 848.5281374238571, 916.515138991168, 979.7958971132713, 1039.2304845413264, 1095.4451150103323],
 [374.16573867739413, 529.1502622129182, 648.074069840786, 748.3314773547883, 836.6600265340755, 916.515138991168, 989.9494936611666, 1058.3005244258363, 1122.4972160321825, 1183.2159566199232],
 [400.0, 565.685424949238, 692.8203230275509, 800.0, 894.4271909999159, 979.7958971132713, 1058.3005244258363, 1131.370849898476, 1200.0, 1264.9110640673518],
 [424.26406871192853, 600.0, 734.8469228349534, 848.5281374238571, 948.6832980505138, 1039.2304845413264, 1122.4972160321825, 1200.0, 1272.7922061357856, 1341.640786499874],
 [447.21359549995793, 632.4555320336759, 774.5966692414834, 894.4271909999159, 1000.0, 1095.4451150103323, 1183.2159566199232, 1264.9110640673518, 1341.640786499874, 1414.213562373095],
 [469.041575982343, 663.32495807108, 812.403840463596, 938.083151964686, 1048.8088481701516, 1148.9125293076058, 1240.9673645990856, 1326.64991614216, 1407.1247279470288, 1483.2396974191327]],
 
[[300.0, 424.26406871192853, 519.6152422706632, 600.0, 670.820393249937, 734.8469228349534, 793.7253933193772, 848.5281374238571, 900.0, 948.6832980505138],
 [346.41016151377545, 489.89794855663564, 600.0, 692.8203230275509, 774.5966692414834, 848.5281374238571, 916.515138991168, 979.7958971132713, 1039.2304845413264, 1095.4451150103323],
 [387.2983346207417, 547.7225575051662, 670.820393249937, 774.5966692414834, 866.0254037844386, 948.6832980505138, 1024.6950765959598, 1095.4451150103323, 1161.8950038622252, 1224.744871391589],
 [424.26406871192853, 600.0, 734.8469228349534, 848.5281374238571, 948.6832980505138, 1039.2304845413264, 1122.4972160321825, 1200.0, 1272.7922061357856, 1341.640786499874],
 [458.257569495584, 648.074069840786, 793.7253933193772, 916.515138991168, 1024.6950765959598, 1122.4972160321825, 1212.4355652982142, 1296.148139681572, 1374.772708486752, 1449.137674618944],
 [489.89794855663564, 692.8203230275509, 848.5281374238571, 979.7958971132713, 1095.4451150103323, 1200.0, 1296.148139681572, 1385.6406460551018, 1469.6938456699068, 1549.1933384829667],
 [519.6152422706632, 734.8469228349534, 900.0, 1039.2304845413264, 1161.8950038622252, 1272.7922061357856, 1374.772708486752, 1469.6938456699068, 1558.8457268119896, 1643.1676725154985],
 [547.7225575051662, 774.5966692414834, 948.6832980505138, 1095.4451150103323, 1224.744871391589, 1341.640786499874, 1449.137674618944, 1549.1933384829667, 1643.1676725154985, 1732.0508075688772],
 [574.4562646538029, 812.403840463596, 994.98743710662, 1148.9125293076058, 1284.523257866513, 1407.1247279470288, 1519.8684153570664, 1624.807680927192, 1723.3687939614085, 1816.590212458495]],
 
[[346.41016151377545, 489.89794855663564, 600.0, 692.8203230275509, 774.5966692414834, 848.5281374238571, 916.515138991168, 979.7958971132713, 1039.2304845413264, 1095.4451150103323],
 [400.0, 565.685424949238, 692.8203230275509, 800.0, 894.4271909999159, 979.7958971132713, 1058.3005244258363, 1131.370849898476, 1200.0, 1264.9110640673518],
 [447.21359549995793, 632.4555320336759, 774.5966692414834, 894.4271909999159, 1000.0, 1095.4451150103323, 1183.2159566199232, 1264.9110640673518, 1341.640786499874, 1414.213562373095],
 [489.89794855663564, 692.8203230275509, 848.5281374238571, 979.7958971132713, 1095.4451150103323, 1200.0, 1296.148139681572, 1385.6406460551018, 1469.6938456699068, 1549.1933384829667],
 [529.1502622129182, 748.3314773547883, 916.515138991168, 1058.3005244258363, 1183.2159566199232, 1296.148139681572, 1400.0, 1496.6629547095765, 1587.4507866387544, 1673.320053068151],
 [565.685424949238, 800.0, 979.7958971132713, 1131.370849898476, 1264.9110640673518, 1385.6406460551018, 1496.6629547095765, 1600.0, 1697.0562748477141, 1788.8543819998317],
 [600.0, 848.5281374238571, 1039.2304845413264, 1200.0, 1341.640786499874, 1469.6938456699068, 1587.4507866387544, 1697.0562748477141, 1800.0, 1897.3665961010277],
 [632.4555320336759, 894.4271909999159, 1095.4451150103323, 1264.9110640673518, 1414.213562373095, 1549.1933384829667, 1673.320053068151, 1788.8543819998317, 1897.3665961010277, 2000.0],
 [663.32495807108, 938.083151964686, 1148.9125293076058, 1326.64991614216, 1483.2396974191327, 1624.807680927192, 1754.9928774784244, 1876.166303929372, 1989.97487421324, 2097.617696340303]],
 
[[387.2983346207417, 547.7225575051662, 670.820393249937, 774.5966692414834, 866.0254037844386, 948.6832980505138, 1024.6950765959598, 1095.4451150103323, 1161.8950038622252, 1224.744871391589],
 [447.21359549995793, 632.4555320336759, 774.5966692414834, 894.4271909999159, 1000.0, 1095.4451150103323, 1183.2159566199232, 1264.9110640673518, 1341.640786499874, 1414.213562373095],
 [500.0, 707.1067811865476, 866.0254037844386, 1000.0, 1118.033988749895, 1224.744871391589, 1322.8756555322952, 1414.213562373095, 1500.0, 1581.1388300841897],
 [547.7225575051662, 774.5966692414834, 948.6832980505138, 1095.4451150103323, 1224.744871391589, 1341.640786499874, 1449.137674618944, 1549.1933384829667, 1643.1676725154985, 1732.0508075688772],
 [591.6079783099616, 836.6600265340755, 1024.6950765959598, 1183.2159566199232, 1322.8756555322952, 1449.137674618944, 1565.2475842498527, 1673.320053068151, 1774.823934929885, 1870.8286933869706],
 [632.4555320336759, 894.4271909999159, 1095.4451150103323, 1264.9110640673518, 1414.213562373095, 1549.1933384829667, 1673.320053068151, 1788.8543819998317, 1897.3665961010277, 2000.0],
 [670.820393249937, 948.6832980505138, 1161.8950038622252, 1341.640786499874, 1500.0, 1643.1676725154985, 1774.823934929885, 1897.3665961010277, 2012.4611797498108, 2121.3203435596424],
 [707.1067811865476, 1000.0, 1224.744871391589, 1414.213562373095, 1581.1388300841897, 1732.0508075688772, 1870.8286933869706, 2000.0, 2121.3203435596424, 2236.06797749979],
 [741.6198487095663, 1048.8088481701516, 1284.523257866513, 1483.2396974191327, 1658.3123951777, 1816.590212458495, 1962.1416870348583, 2097.617696340303, 2224.859546128699, 2345.207879911715]],
 
[[424.26406871192853, 600.0, 734.8469228349534, 848.5281374238571, 948.6832980505138, 1039.2304845413264, 1122.4972160321825, 1200.0, 1272.7922061357856, 1341.640786499874],
 [489.89794855663564, 692.8203230275509, 848.5281374238571, 979.7958971132713, 1095.4451150103323, 1200.0, 1296.148139681572, 1385.6406460551018, 1469.6938456699068, 1549.1933384829667],
 [547.7225575051662, 774.5966692414834, 948.6832980505138, 1095.4451150103323, 1224.744871391589, 1341.640786499874, 1449.137674618944, 1549.1933384829667, 1643.1676725154985, 1732.0508075688772],
 [600.0, 848.5281374238571, 1039.2304845413264, 1200.0, 1341.640786499874, 1469.6938456699068, 1587.4507866387544, 1697.0562748477141, 1800.0, 1897.3665961010277],
 [648.074069840786, 916.515138991168, 1122.4972160321825, 1296.148139681572, 1449.137674618944, 1587.4507866387544, 1714.6428199482248, 1833.030277982336, 1944.222209522358, 2049.3901531919196],
 [692.8203230275509, 979.7958971132713, 1200.0, 1385.6406460551018, 1549.1933384829667, 1697.0562748477141, 1833.030277982336, 1959.5917942265426, 2078.460969082653, 2190.8902300206646],
 [734.8469228349534, 1039.2304845413264, 1272.7922061357856, 1469.6938456699068, 1643.1676725154985, 1800.0, 1944.222209522358, 2078.460969082653, 2204.5407685048604, 2323.7900077244503],
 [774.5966692414834, 1095.4451150103323, 1341.640786499874, 1549.1933384829667, 1732.0508075688772, 1897.3665961010277, 2049.3901531919196, 2190.8902300206646, 2323.7900077244503, 2449.489742783178],
 [812.403840463596, 1148.9125293076058, 1407.1247279470288, 1624.807680927192, 1816.590212458495, 1989.97487421324, 2149.4185260204677, 2297.8250586152117, 2437.211521390788, 2569.046515733026]],
 
[[458.25756949558405, 648.074069840786, 793.7253933193773, 916.5151389911681, 1024.69507659596, 1122.4972160321825, 1212.4355652982142, 1296.148139681572, 1374.772708486752, 1449.137674618944],
 [529.1502622129182, 748.3314773547884, 916.5151389911681, 1058.3005244258363, 1183.2159566199234, 1296.148139681572, 1400.0, 1496.6629547095768, 1587.4507866387546, 1673.3200530681513],
 [591.6079783099616, 836.6600265340755, 1024.6950765959598, 1183.2159566199232, 1322.8756555322952, 1449.137674618944, 1565.2475842498527, 1673.320053068151, 1774.823934929885, 1870.8286933869706],
 [648.074069840786, 916.5151389911681, 1122.4972160321825, 1296.148139681572, 1449.137674618944, 1587.4507866387546, 1714.6428199482248, 1833.0302779823362, 1944.2222095223583, 2049.39015319192],
 [700.0, 989.9494936611666, 1212.4355652982142, 1400.0, 1565.247584249853, 1714.6428199482248, 1852.0259177452135, 1979.8989873223331, 2100.0, 2213.594362117866],
 [748.3314773547884, 1058.3005244258363, 1296.148139681572, 1496.6629547095768, 1673.3200530681513, 1833.0302779823362, 1979.8989873223331, 2116.6010488516727, 2244.994432064365, 2366.431913239847],
 [793.7253933193773, 1122.4972160321825, 1374.772708486752, 1587.4507866387546, 1774.823934929885, 1944.2222095223583, 2100.0, 2244.994432064365, 2381.176179958132, 2509.980079602227],
 [836.6600265340755, 1183.2159566199232, 1449.137674618944, 1673.320053068151, 1870.8286933869706, 2049.3901531919196, 2213.5943621178653, 2366.4319132398464, 2509.980079602227, 2645.7513110645905],
 [877.4964387392123, 1240.9673645990858, 1519.8684153570666, 1754.9928774784246, 1962.1416870348585, 2149.418526020468, 2321.63735324878, 2481.9347291981717, 2632.4893162176368, 2774.887385102322]],
 
[[489.89794855663564, 692.8203230275509, 848.5281374238571, 979.7958971132713, 1095.4451150103323, 1200.0, 1296.148139681572, 1385.6406460551018, 1469.6938456699068, 1549.1933384829667],
 [565.685424949238, 800.0, 979.7958971132713, 1131.370849898476, 1264.9110640673518, 1385.6406460551018, 1496.6629547095765, 1600.0, 1697.0562748477141, 1788.8543819998317],
 [632.4555320336759, 894.4271909999159, 1095.4451150103323, 1264.9110640673518, 1414.213562373095, 1549.1933384829667, 1673.320053068151, 1788.8543819998317, 1897.3665961010277, 2000.0],
 [692.8203230275509, 979.7958971132713, 1200.0, 1385.6406460551018, 1549.1933384829667, 1697.0562748477141, 1833.030277982336, 1959.5917942265426, 2078.460969082653, 2190.8902300206646],
 [748.3314773547883, 1058.3005244258363, 1296.148139681572, 1496.6629547095765, 1673.320053068151, 1833.030277982336, 1979.8989873223331, 2116.6010488516727, 2244.994432064365, 2366.4319132398464],
 [800.0, 1131.370849898476, 1385.6406460551018, 1600.0, 1788.8543819998317, 1959.5917942265426, 2116.6010488516727, 2262.741699796952, 2400.0, 2529.8221281347037],
 [848.5281374238571, 1200.0, 1469.6938456699068, 1697.0562748477141, 1897.3665961010277, 2078.460969082653, 2244.994432064365, 2400.0, 2545.584412271571, 2683.281572999748],
 [894.4271909999159, 1264.9110640673518, 1549.1933384829667, 1788.8543819998317, 2000.0, 2190.8902300206646, 2366.4319132398464, 2529.8221281347037, 2683.281572999748, 2828.42712474619],
 [938.083151964686, 1326.64991614216, 1624.807680927192, 1876.166303929372, 2097.617696340303, 2297.8250586152117, 2481.934729198171, 2653.29983228432, 2814.2494558940575, 2966.4793948382653]],
 
[[519.6152422706632, 734.8469228349534, 900.0, 1039.2304845413264, 1161.8950038622252, 1272.7922061357856, 1374.772708486752, 1469.6938456699068, 1558.8457268119896, 1643.1676725154985],
 [600.0, 848.5281374238571, 1039.2304845413264, 1200.0, 1341.640786499874, 1469.6938456699068, 1587.4507866387544, 1697.0562748477141, 1800.0, 1897.3665961010277],
 [670.820393249937, 948.6832980505138, 1161.8950038622252, 1341.640786499874, 1500.0, 1643.1676725154985, 1774.823934929885, 1897.3665961010277, 2012.4611797498108, 2121.3203435596424],
 [734.8469228349534, 1039.2304845413264, 1272.7922061357856, 1469.6938456699068, 1643.1676725154985, 1800.0, 1944.222209522358, 2078.460969082653, 2204.5407685048604, 2323.7900077244503],
 [793.7253933193772, 1122.4972160321825, 1374.772708486752, 1587.4507866387544, 1774.823934929885, 1944.222209522358, 2100.0, 2244.994432064365, 2381.1761799581313, 2509.980079602227],
 [848.5281374238571, 1200.0, 1469.6938456699068, 1697.0562748477141, 1897.3665961010277, 2078.460969082653, 2244.994432064365, 2400.0, 2545.584412271571, 2683.281572999748],
 [900.0, 1272.7922061357856, 1558.8457268119896, 1800.0, 2012.4611797498108, 2204.5407685048604, 2381.1761799581313, 2545.584412271571, 2700.0, 2846.0498941515416],
 [948.6832980505138, 1341.640786499874, 1643.1676725154985, 1897.3665961010277, 2121.3203435596424, 2323.7900077244503, 2509.980079602227, 2683.281572999748, 2846.0498941515416, 3000.0],
 [994.98743710662, 1407.1247279470288, 1723.3687939614085, 1989.97487421324, 2224.859546128699, 2437.211521390788, 2632.4893162176368, 2814.2494558940575, 2984.96231131986, 3146.4265445104547]],
 
[[547.7225575051662, 774.5966692414834, 948.6832980505138, 1095.4451150103323, 1224.744871391589, 1341.640786499874, 1449.137674618944, 1549.1933384829667, 1643.1676725154985, 1732.0508075688772],
 [632.4555320336759, 894.4271909999159, 1095.4451150103323, 1264.9110640673518, 1414.213562373095, 1549.1933384829667, 1673.320053068151, 1788.8543819998317, 1897.3665961010277, 2000.0],
 [707.1067811865476, 1000.0, 1224.744871391589, 1414.213562373095, 1581.1388300841897, 1732.0508075688772, 1870.8286933869706, 2000.0, 2121.3203435596424, 2236.06797749979],
 [774.5966692414834, 1095.4451150103323, 1341.640786499874, 1549.1933384829667, 1732.0508075688772, 1897.3665961010277, 2049.3901531919196, 2190.8902300206646, 2323.7900077244503, 2449.489742783178],
 [836.6600265340755, 1183.2159566199232, 1449.137674618944, 1673.320053068151, 1870.8286933869706, 2049.3901531919196, 2213.5943621178653, 2366.4319132398464, 2509.980079602227, 2645.7513110645905],
 [894.4271909999159, 1264.9110640673518, 1549.1933384829667, 1788.8543819998317, 2000.0, 2190.8902300206646, 2366.4319132398464, 2529.8221281347037, 2683.281572999748, 2828.42712474619],
 [948.6832980505138, 1341.640786499874, 1643.1676725154985, 1897.3665961010277, 2121.3203435596424, 2323.7900077244503, 2509.980079602227, 2683.281572999748, 2846.0498941515416, 3000.0],
 [1000.0, 1414.213562373095, 1732.0508075688772, 2000.0, 2236.06797749979, 2449.489742783178, 2645.7513110645905, 2828.42712474619, 3000.0, 3162.2776601683795],
 [1048.8088481701516, 1483.2396974191327, 1816.590212458495, 2097.617696340303, 2345.207879911715, 2569.046515733026, 2774.887385102322, 2966.4793948382653, 3146.4265445104547, 3316.6247903554]]]
		</data-entry>
	</data>
	<params_list>
	    [
       <!-- load -->
	     [1, 2, 3, 4, 5, 6, 7, 8, 9, 10], 
        <!-- mem -->
	     [600, 800, 1000, 1200, 1400, 1600, 1800, 2000, 2200], 
        <!-- bw -->
         [5000, 10000, 15000, 20000, 25000, 30000, 35000, 40000, 45000, 50000] 
	    ]
	</params_list>
</profiler>
